#id	speedup	powerup
0	1.000000	1.000000
1	1.078987	1.020020
2	1.157930	1.029877
3	1.973927	1.056369
4	2.165643	1.076521
5	2.985954	1.101441
6	3.258559	1.127156
7	3.507968	1.157949
8	4.020908	1.164639
9	4.334225	1.190096
10	4.938937	1.223712
11	5.420606	1.260650
12	5.889157	1.270774
13	6.498491	1.310849
14	6.840218	1.321575
15	6.982209	1.359205
16	7.393889	1.370512
17	7.966524	1.370981
18	8.557887	1.428245
19	8.794190	1.450968
20	9.022871	1.454278
21	9.196383	1.484620
22	10.346342	1.519614
23	11.049063	1.566251
24	11.853224	1.618029
25	11.907045	1.655992
26	13.031457	1.669094
27	13.374250	1.708239
28	13.761748	1.708693
29	13.767870	1.709359
30	13.878252	1.711270
31	13.956293	1.717993
32	14.263898	1.718337
33	14.380307	1.726891
34	14.578656	1.804410
35	14.776142	1.805938
36	14.826587	1.810535
37	15.144883	1.812267
38	15.242957	1.819096
39	15.506132	1.825755
40	15.513115	1.858020
41	15.959791	1.920163
42	16.010283	1.920618
43	16.013639	1.921273
44	16.283461	1.923226
45	16.484418	1.933263
46	16.620374	1.963360
47	16.702453	1.963904
48	16.998631	2.078729
49	18.362466	2.138234
50	18.497613	2.150485
51	19.202146	2.255331
52	19.504422	2.265716
53	19.596347	2.269887
54	19.685065	2.277370
55	20.075344	2.374492
56	20.435673	2.390794
57	20.665416	2.420016
58	21.005668	2.466803
59	21.437387	2.520163
60	21.662049	2.528610
61	21.678479	2.571490
62	21.917490	2.582563
63	22.139151	2.605407
64	22.339356	2.644969
65	22.821035	2.666123
66	22.961535	2.692425
67	22.962468	2.732894
68	24.313751	2.939315
69	24.612111	2.966063
70	25.036643	2.982292
71	25.062824	3.009586
72	25.123193	3.019910
73	25.458475	3.106182
74	25.719250	3.141449
75	26.004861	3.186869
76	26.243030	3.196892
77	26.350122	3.279206
78	26.406489	3.290956
79	27.209941	3.303435
80	27.484365	3.447848
81	27.723269	3.454724
82	27.759564	3.458999
83	27.788486	3.463203
84	27.808454	3.464807
85	28.147630	3.477308
86	28.355857	3.581806
87	28.617877	3.788392
88	29.320674	3.792644
89	29.434734	3.807025
90	29.622503	3.817922
91	29.807470	3.899118
92	29.857896	3.905616
93	29.878631	3.942917
94	30.141708	3.971517
95	30.167519	3.987510
96	30.309863	4.008393
97	30.566015	4.020292
98	30.766987	4.094721
99	30.944163	4.174435
100	31.218994	4.177973
101	31.269457	4.194719
102	31.354513	4.229738
103	31.354902	4.231559
104	32.027864	4.264927
105	33.112686	5.113372
106	33.280301	5.196822
107	33.821676	5.221547
108	34.478111	5.244736
109	34.935105	5.271237
110	35.223239	5.296748
111	35.501429	5.483807
