#id	speedup	powerup
0	1.000000	1.000000
1	1.002142	1.000784
2	1.002971	1.001020
3	1.005828	1.001320
4	1.074395	1.021281
5	1.080520	1.023447
6	1.155524	1.042537
7	1.291803	1.083222
8	1.291844	1.087819
9	1.292016	1.088018
10	1.292171	1.091232
11	1.293083	1.092427
12	1.293097	1.092571
13	1.300434	1.093025
14	1.353507	1.103232
15	1.360624	1.104621
16	1.361224	1.113158
17	1.361344	1.114092
18	1.361859	1.114220
19	1.362124	1.115435
20	1.366848	1.116182
21	1.368496	1.118860
22	1.368512	1.119168
23	1.428200	1.128560
24	1.428538	1.132753
25	1.429585	1.134954
26	1.429588	1.139836
27	1.429931	1.140034
28	1.437330	1.142998
29	1.494423	1.153904
30	1.495608	1.158211
31	1.495691	1.158928
32	1.495896	1.161106
33	1.496032	1.167529
34	1.496201	1.168225
35	1.502888	1.168804
36	1.503262	1.169677
37	1.558657	1.177870
38	1.561487	1.184531
39	1.568920	1.187200
40	1.569828	1.196723
41	1.681787	1.232754
42	1.691374	1.236437
43	1.692820	1.250029
44	1.739633	1.260225
45	1.742709	1.260697
46	1.742981	1.260710
47	1.746475	1.264438
48	1.746934	1.266069
49	1.751324	1.266598
50	1.753964	1.278561
51	1.800510	1.290484
52	1.801938	1.291748
53	1.806155	1.293689
54	1.856423	1.318670
55	1.856599	1.319727
56	1.861162	1.321731
57	1.861837	1.324154
58	1.862223	1.328542
59	1.870685	1.330446
60	1.970461	1.384608
61	1.970676	1.385359
62	1.972684	1.385884
63	1.976419	1.386383
64	1.978408	1.392964
65	2.017252	1.416588
66	2.025037	1.416621
67	2.025615	1.419616
68	2.028886	1.422011
69	2.069748	1.450911
70	2.073103	1.454201
71	2.075356	1.454878
72	2.083946	1.501868
73	2.176739	1.871208
74	2.473094	1.882908
75	2.473856	1.882937
76	2.477199	1.885673
77	2.485933	1.895178
78	2.495148	2.008521
