#id	speedup	powerup
0	1.000000	1.000000
1	1.083452	1.009930
2	1.783865	1.027118
3	1.911577	1.038881
4	2.410902	1.053894
5	2.886107	1.070816
6	3.244643	1.081595
7	3.428095	1.088347
8	3.779276	1.116969
9	3.835122	1.132960
10	3.839412	1.134029
11	3.854093	1.134284
12	4.063289	1.190536
13	4.328194	1.199343
14	4.328733	1.206646
15	4.646855	1.216222
16	4.779737	1.221198
17	4.822089	1.226660
18	4.889510	1.250216
19	4.976646	1.268308
20	5.368332	1.312260
21	5.690902	1.325123
22	5.737583	1.371020
23	5.750120	1.379582
24	6.009221	1.410470
25	6.089958	1.414839
26	6.104336	1.420234
27	6.558947	1.466213
28	6.668726	1.498986
29	6.777358	1.561293
30	6.875162	1.568916
31	6.943832	1.601802
32	6.976450	1.604622
33	7.335997	1.659686
34	7.390932	1.666323
35	7.690359	1.691918
36	8.208762	2.033262
37	8.508078	2.049446
38	8.634526	2.060345
