#id	speedup	powerup
0	1.000000	1.000000
1	1.082280	1.012586
2	1.163682	1.030769
3	1.999467	1.042356
4	2.157062	1.061849
5	2.998339	1.085990
6	3.238673	1.111696
7	3.993771	1.129618
8	4.319665	1.161772
9	4.982925	1.179266
10	5.989053	1.220236
11	6.473586	1.259907
12	6.989526	1.265137
13	7.555994	1.309333
14	7.970878	1.311996
15	8.975329	1.353295
16	9.957565	1.398002
17	10.891250	1.461562
18	11.836241	1.489873
19	12.796959	1.542094
20	12.843826	1.569008
21	13.782862	1.588497
22	13.840850	1.619001
23	14.652264	1.632259
24	15.651169	1.684147
25	16.011218	1.692459
26	16.379387	1.703028
27	16.763690	1.711031
28	17.150665	1.722111
29	17.581349	1.734629
30	17.864172	1.740387
31	18.320182	1.753001
32	18.651922	1.762984
33	19.003125	1.773353
34	19.328201	1.785599
35	19.674089	1.800406
36	20.049628	1.810106
37	20.373555	1.819965
38	20.766647	1.831600
39	21.097343	1.840236
40	21.455780	1.851821
41	21.655737	1.921725
42	22.027955	1.932601
43	22.442470	1.946374
44	22.770541	1.954171
45	23.118122	1.965977
46	23.208639	2.036520
47	23.633534	2.047979
48	24.040793	2.064596
49	24.406739	2.072043
50	24.869618	2.091335
51	24.944583	2.235047
52	25.449084	2.247897
53	25.996434	2.276861
54	26.353676	2.284171
55	26.915165	2.308366
56	27.255960	2.316744
57	27.771511	2.332975
58	28.177395	2.346627
59	28.890777	2.459057
60	29.349651	2.477314
61	29.832249	2.486633
62	29.972297	2.585449
63	30.515779	2.604784
64	31.029363	2.619773
65	31.543281	2.640314
66	31.655376	2.739562
67	31.980175	2.753830
68	32.677969	2.775983
69	33.278353	2.800558
70	33.506591	2.901253
71	33.998643	2.927767
72	34.585806	2.945594
73	34.978952	2.978732
74	35.897718	3.205599
75	36.020561	3.233181
76	37.005103	3.261237
77	37.768785	3.283004
78	38.421971	3.307805
79	38.735414	3.452402
80	39.052432	3.474234
81	40.068012	3.506283
82	40.200687	3.637456
83	41.648544	3.699801
84	41.749167	3.832055
85	42.569291	3.871626
86	43.277141	3.896935
87	43.855927	4.208297
88	44.791934	4.252365
89	45.546564	4.284476
90	46.379251	4.326439
91	47.475918	4.543747
92	48.049443	4.554613
93	49.609549	4.816166
94	50.296753	5.751955
95	51.213161	5.809069
96	52.268382	5.881499
97	53.095183	5.915020
98	54.309192	5.978419
99	55.074165	6.014729
100	56.113681	6.084187
