#id	speedup	powerup
0	1.000000	1.000000
1	1.082980	1.016758
2	1.166226	1.034326
3	1.995856	1.042875
4	2.160822	1.062015
5	2.327766	1.084243
6	2.993003	1.087879
7	3.241432	1.112831
8	3.489328	1.140883
9	3.967811	1.143437
10	4.311420	1.164311
11	4.955192	1.176903
12	5.364128	1.209395
13	5.904274	1.217831
14	6.391018	1.255951
15	6.829134	1.262055
16	6.867807	1.301727
17	7.382328	1.306564
18	7.669531	1.306719
19	8.080581	1.326755
20	8.304167	1.349004
21	9.600253	1.389653
22	10.547818	1.430651
23	11.135197	1.464623
24	11.221543	1.494955
25	11.980123	1.498964
26	12.758428	1.536872
27	13.368112	1.557452
28	13.653268	1.566812
29	14.081400	1.569071
30	14.315034	1.574625
31	14.588575	1.577468
32	14.670737	1.581696
33	14.826352	1.583310
34	15.048194	1.592865
35	15.393295	1.598896
36	15.734879	1.611120
37	15.790751	1.612041
38	15.875968	1.663382
39	16.188770	1.674816
40	16.259590	1.680103
41	16.513676	1.683068
42	17.014795	1.701998
43	17.063150	1.754832
44	17.087393	1.757674
45	17.346012	1.760596
46	17.707111	1.775075
47	17.954086	1.911388
48	18.127381	1.913797
49	18.281521	1.916433
50	18.842880	1.927670
51	18.902702	1.933839
52	19.006891	1.935638
53	19.408016	1.942362
54	19.700194	1.959684
55	20.043854	1.970780
56	20.079022	2.030162
57	20.406889	2.041730
58	20.464157	2.043698
59	20.942274	2.065043
60	21.112106	2.128573
61	21.541679	2.145487
62	21.682629	2.154656
63	21.903143	2.165737
64	22.083161	2.238973
65	22.399166	2.248907
66	22.453899	2.251412
67	22.557479	2.253289
68	23.047829	2.277647
69	23.394048	2.357475
70	23.793054	2.378939
71	24.094276	2.386501
72	24.180706	2.559927
73	24.506570	2.565573
74	24.754646	2.577538
75	24.796597	2.581920
76	25.136096	2.585355
77	25.225922	2.596272
78	25.549361	2.602260
79	25.640422	2.610221
80	25.646305	2.683214
81	25.887095	2.692880
82	26.384782	2.724900
83	26.685718	2.736647
84	26.715452	2.821334
85	27.114160	2.829553
86	27.181442	2.928104
87	27.524429	2.948084
88	28.122993	2.972549
89	28.604350	3.006473
90	28.833605	3.021688
91	28.898407	3.203697
92	29.501632	3.223414
93	29.671170	3.252826
94	29.911602	3.261510
95	30.127166	3.283505
96	31.102041	3.331486
97	31.517504	3.546293
98	31.618419	3.567219
99	31.670497	3.589092
100	31.896840	4.356832
101	32.053237	4.358633
102	33.450088	4.404683
103	33.520597	4.406977
104	33.632795	4.446150
105	35.389127	4.493901
106	35.677364	4.523568
107	36.063587	4.547010
108	36.107345	4.590489
