#id	freq	cores
0	1200000	0
1	1300000	0
2	1400000	0
3	1200000	1
4	1300000	1
5	1200000	2
6	1300000	2
7	1200000	3
8	1300000	3
9	1200000	4
10	1200000	5
11	1300000	5
12	1200000	6
13	1300000	6
14	1200000	7
15	1200000	8
16	1200000	9
17	1200000	10
18	1200000	11
19	1200000	12
20	1300000	11
21	1200000	13
22	1300000	12
23	1200000	14
24	1200000	15
25	1200000	16
26	1200000	17
27	1200000	18
28	1200000	19
29	1200000	20
30	1200000	21
31	1200000	22
32	1200000	23
33	1200000	24
34	1200000	25
35	1200000	26
36	1200000	27
37	1200000	28
38	1200000	29
39	1200000	30
40	1200000	31
41	1300000	27
42	1300000	28
43	1300000	29
44	1300000	30
45	1300000	31
46	1400000	27
47	1400000	28
48	1400000	29
49	1400000	30
50	1400000	31
51	1600000	24
52	1600000	25
53	1600000	26
54	1600000	27
55	1600000	28
56	1600000	29
57	1600000	30
58	1600000	31
59	1700000	29
60	1700000	30
61	1700000	31
62	1800000	28
63	1800000	29
64	1800000	30
65	1800000	31
66	1900000	28
67	1900000	29
68	1900000	30
69	1900000	31
70	2000000	28
71	2000000	29
72	2000000	30
73	2000000	31
74	2200000	27
75	2200000	28
76	2200000	29
77	2200000	30
78	2200000	31
79	2300000	29
80	2300000	30
81	2300000	31
82	2400000	29
83	2400000	31
84	2500000	29
85	2500000	30
86	2500000	31
87	2700000	28
88	2700000	29
89	2700000	30
90	2700000	31
91	2800000	30
92	2800000	31
93	2900000	31
94	2901000	25
95	2901000	26
96	2901000	27
97	2901000	28
98	2901000	29
99	2901000	30
100	2901000	31
