#id	freq	cores
0	1200000	5
1	1200000	7
2	1200000	3
3	1200000	0
4	1300000	5
5	1300000	0
6	1400000	0
7	1600000	7
8	1600000	24
9	1600000	13
10	1600000	30
11	1600000	5
12	1600000	4
13	1600000	0
14	1700000	5
15	1700000	6
16	1700000	24
17	1700000	23
18	1700000	3
19	1700000	2
20	1700000	17
21	1700000	0
22	1700000	8
23	1800000	6
24	1800000	5
25	1800000	21
26	1800000	31
27	1800000	1
28	1800000	0
29	1900000	4
30	1900000	20
31	1900000	11
32	1900000	9
33	1900000	28
34	1900000	12
35	1900000	0
36	1900000	8
37	2000000	2
38	2000000	18
39	2000000	8
40	2000000	23
41	2200000	1
42	2200000	0
43	2200000	8
44	2300000	3
45	2300000	5
46	2300000	7
47	2300000	28
48	2300000	9
49	2300000	0
50	2300000	8
51	2400000	6
52	2400000	5
53	2400000	9
54	2500000	4
55	2500000	2
56	2500000	22
57	2500000	19
58	2500000	30
59	2500000	8
60	2700000	17
61	2700000	29
62	2700000	28
63	2700000	27
64	2700000	8
65	2800000	3
66	2800000	7
67	2800000	6
68	2800000	0
69	2900000	22
70	2900000	5
71	2900000	4
72	2900000	0
73	2901000	9
74	2901000	21
75	2901000	26
76	2901000	17
77	2901000	8
78	2901000	2
