#id	freq	cores
0	1200000	0
1	1300000	0
2	1200000	1
3	1300000	1
4	1200000	2
5	1200000	3
6	1200000	4
7	1200000	7
8	1300000	7
9	1400000	7
10	1400000	5
11	1400000	6
12	1700000	3
13	1600000	5
14	1600000	6
15	1700000	4
16	1700000	5
17	1700000	6
18	1800000	6
19	1900000	6
20	2000000	4
21	2000000	7
22	2200000	7
23	2200000	6
24	2300000	7
25	2300000	5
26	2300000	4
27	2400000	6
28	2500000	6
29	2700000	6
30	2700000	4
31	2800000	6
32	2800000	5
33	2900000	6
34	2900000	5
35	2900000	4
36	2901000	3
37	2901000	6
38	2901000	4
