#id	freq	cores
0	1200000	0
1	1300000	0
2	1400000	0
3	1200000	1
4	1300000	1
5	1200000	2
6	1300000	2
7	1400000	2
8	1200000	3
9	1300000	3
10	1200000	4
11	1300000	4
12	1200000	5
13	1300000	5
14	1200000	6
15	1400000	5
16	1300000	6
17	1200000	7
18	1300000	7
19	1300000	8
20	1200000	9
21	1400000	7
22	1200000	10
23	1200000	11
24	1200000	12
25	1300000	11
26	1200000	13
27	1200000	30
28	1200000	25
29	1200000	14
30	1200000	28
31	1200000	24
32	1200000	31
33	1200000	26
34	1300000	29
35	1300000	31
36	1300000	14
37	1300000	27
38	1300000	28
39	1300000	30
40	1300000	15
41	1400000	14
42	1400000	30
43	1400000	29
44	1400000	25
45	1400000	28
46	1400000	16
47	1400000	15
48	1600000	13
49	1600000	29
50	1600000	27
51	1700000	28
52	1700000	31
53	1700000	30
54	1700000	27
55	1800000	24
56	1800000	26
57	1800000	21
58	1800000	15
59	1900000	29
60	1900000	31
61	1900000	16
62	1900000	17
63	1900000	15
64	2000000	29
65	2000000	31
66	2000000	28
67	2000000	16
68	2200000	28
69	2200000	24
70	2200000	26
71	2200000	21
72	2200000	18
73	2300000	27
74	2300000	22
75	2300000	16
76	2300000	15
77	2400000	21
78	2400000	24
79	2400000	31
80	2500000	28
81	2500000	29
82	2500000	25
83	2500000	24
84	2500000	30
85	2500000	31
86	2500000	15
87	2700000	24
88	2700000	27
89	2700000	26
90	2700000	30
91	2700000	15
92	2700000	17
93	2800000	29
94	2800000	31
95	2800000	26
96	2800000	25
97	2800000	24
98	2800000	16
99	2800000	15
100	2900000	29
101	2900000	28
102	2900000	26
103	2900000	23
104	2900000	25
105	2901000	13
106	2901000	27
107	2901000	30
108	2901000	24
109	2901000	28
110	2901000	25
111	2901000	15
