#id	freq	cores
0	1200000	0
1	1300000	0
2	1400000	0
3	1200000	1
4	1300000	1
5	1400000	1
6	1200000	2
7	1300000	2
8	1400000	2
9	1200000	3
10	1300000	3
11	1200000	4
12	1300000	4
13	1200000	5
14	1300000	5
15	1200000	6
16	1400000	5
17	1300000	6
18	1200000	7
19	1200000	9
20	1300000	7
21	1200000	10
22	1200000	11
23	1200000	12
24	1300000	11
25	1200000	13
26	1200000	14
27	1200000	17
28	1200000	18
29	1200000	22
30	1200000	23
31	1200000	24
32	1200000	25
33	1200000	26
34	1200000	28
35	1200000	29
36	1200000	30
37	1200000	31
38	1300000	26
39	1300000	27
40	1300000	30
41	1300000	29
42	1300000	31
43	1400000	26
44	1400000	27
45	1400000	29
46	1400000	30
47	1600000	20
48	1600000	22
49	1600000	23
50	1600000	28
51	1600000	26
52	1600000	25
53	1600000	29
54	1600000	30
55	1600000	31
56	1700000	27
57	1700000	28
58	1700000	29
59	1700000	30
60	1800000	28
61	1800000	30
62	1800000	29
63	1800000	31
64	1900000	27
65	1900000	29
66	1900000	28
67	1900000	30
68	1900000	31
69	2000000	28
70	2000000	30
71	2000000	31
72	2200000	24
73	2200000	25
74	2200000	26
75	2200000	27
76	2200000	29
77	2200000	28
78	2200000	31
79	2200000	30
80	2300000	28
81	2300000	29
82	2300000	30
83	2300000	31
84	2400000	28
85	2400000	31
86	2500000	26
87	2500000	27
88	2500000	29
89	2500000	30
90	2500000	31
91	2700000	26
92	2700000	30
93	2700000	28
94	2700000	29
95	2700000	27
96	2700000	31
97	2900000	31
98	2900000	30
99	2900000	29
100	2901000	18
101	2901000	19
102	2901000	25
103	2901000	23
104	2901000	22
105	2901000	28
106	2901000	29
107	2901000	30
108	2901000	31
