#id	Speedup		Cost
0	1			1
1	1.074442	1.050828
2	1.084547	1.055315
3	1.084855	1.061578
4	1.128245	1.091833
5	1.213655	1.155236
6	1.225726	1.1684
7	1.301009	1.233453
8	1.312893	1.238897
9	1.323172	1.267643
10	1.412213	1.320361
11	1.414516	1.326284
12	1.499333	1.410205
13	1.501209	1.425251
14	1.568972	1.510018
15	1.568769	1.511703
16	1.571487	1.512932
17	1.626799	1.597876
18	1.632250	1.60999
19	1.634273	1.610762
20	1.697593	1.707779
21	1.699638	1.7126
22	1.700832	1.732535
23	7.928284	6.325487
24	7.940141	6.474128
25	8.235752	6.835232
26	8.407943	7.007851
27	8.647605	7.379294
28	8.729575	7.489265
29	8.759419	7.505208
30	8.776608	7.547075
31	8.943799	7.86846
32	9.002400	7.980941
33	9.041553	8.026843
34	9.049468	8.043299
35	9.199477	8.33075
36	9.284476	8.434802
37	9.300253	8.462996
38	9.390113	8.732201
39	9.417040	8.903359
40	9.450248	8.993695
41	9.439439	9.05643
42	9.567298	9.351179
43	9.609783	9.461477
44	9.700397	9.910281
45	9.728826	10.03285
46	9.713826	10.04455
47	9.740930	10.32753
48	9.794237	10.53121
49	9.824807	10.6094
