#id	Speedup		Power
0	1		1
1	1.202097	1.086332
2	1.401223	1.163774
3	1.600849	1.303183
4	2.115516	1.346997
5	2.533841	1.495529
6	2.880115	1.636673
7	3.175534	1.685841
8	3.391911	1.881678
9	3.744376	1.886891
10	4.137286	1.999188
11	4.361927	2.085707
12	4.947223	2.278804
13	5.046336	2.445095
14	5.713794	2.540303
15	6.507727	3.015808
16	7.364274	3.636479
17	8.045912	4.346573
18	8.801498	5.218683
19	9.607415	6.187356
20	9.728823	10.76688
21	10.76832	12.73535
22	12.77376	14.12127
23	13.18614	18.35082
24	15.83043	20.37513
25	17.29427	24.53662
26	18.87987	28.63098
27	20.39249	34.52455
28	21.75653	41.29964
29	23.22439	48.74644
30	24.5434		56.59405