#id	Speedup	Cost
0	1			1
1	1.198644	1.110709
2	1.411669	1.255461
3	1.616734	1.413268
4	2.002714	1.5519
5	2.025928	1.76751
6	2.415504	1.827228
7	2.699989	2.009922
8	2.837686	2.092075
9	3.204564	2.346039
10	3.223961	2.360685
11	3.767695	2.625329
12	3.952148	2.714311
13	4.304169	3.026616
14	4.773342	3.226526
15	4.804757	3.374545
16	5.543089	3.67577
17	6.350209	4.178752
18	6.351813	4.809187
19	7.141119	4.842402
20	7.964559	5.523804
21	8.776021	6.229377
22	9.54085		6.921402
23	9.699062	14.69212
24	10.49236	16.83871
25	11.31276	19.53724
26	12.04753	22.64224
27	12.90955	25.62134
