#id	Speedup		Power
0	1			1
1	1.206124137	1.084785357
2	1.387207669	1.196666697
3	1.581454208	1.312798737
4	2.003656945	1.429320874
5	2.430941539	1.613038176
6	2.773538468	1.736555138
7	2.971292486	1.842764391
8	3.155265701	1.939023953
9	3.594298355	2.095506273
10	3.712077882	2.154043099
11	4.149396654	2.329106546
12	4.545133872	2.476383496
13	4.740914934	2.670776874
14	5.228135556	2.784133404
15	5.32153213	3.016303324
16	5.961696743	3.129507403
17	6.618332553	3.708705868
18	7.465797104	4.273654617
19	8.121556045	4.848086736
20	8.775870144	5.59090583
21	9.784389729	10.37522307
22	11.08959016	11.05130884
23	12.42069811	12.68435401
24	13.61445639	15.13326936
25	14.89099913	17.60564429
26	16.16488137	20.23927236
27	17.22501669	23.50043493
28	18.44698427	28.13738107
29	19.32844744	33.02968317
30	20.65189274	38.0692129
