#id	freq	cores
0	250000	0
1	250000	1
2	250000	3
3	250000	2
4	300000	0
5	300000	3
6	350000	0
7	350000	2
8	350000	1
9	400000	0
10	400000	2
11	400000	1
12	450000	2
13	450000	1
14	500000	2
15	500000	3
16	500000	1
17	550000	1
18	550000	3
19	550000	2
20	600000	3
21	600000	2
22	600000	1
23	800000	2
24	800000	3
25	900000	0
26	900000	3
27	1000000	0
28	1000000	2
29	1000000	1
30	1000000	3
31	1100000	0
32	1100000	2
33	1100000	1
34	1100000	3
35	1200000	0
36	1200000	2
37	1200000	1
38	1300000	0
39	1300000	2
40	1300000	1
41	1300000	3
42	1400000	0
43	1400000	2
44	1500000	0
45	1500000	1
46	1500000	3
47	1600000	0
48	1600000	2
49	1600000	1
